G3dErrFileVersion 2025R1
FlagFileMetaData Begin
   Mesh Size - Setup1, Refinement, Pass #1, Freq. 5.600000e+10 :Title    
   Listing of mesh elements with poor quality. :ToolTip  
   hf3d :Author   
   1754552196 :TimeStamp
   mm :UnitName 
   1.0000000000000000e-03 :UnitConv
FlagFileMetaData End
BEGIN_ERR 
26 Small mesh segment detected on body : Return_Path_DRILL5_6
 Small mesh segment detected on body : Return_Path_DRILL5_6 
 Segment Statistics - Number of Segments : 1 --- Segment length(s) : 0.001127mm. The cutoff frequency for S-Matrix Only Solve is 38.1901220382166MHz 
2 -1  7715  # nfids, fids[]
2 5691  -1  # nbids, bids[]
      4 2 1 0 #ntets ntri ned npts
           3.7915743000000007e-01   7.1538323999999998e-01  -8.4738082395075265e-01 #xyz tv0
           3.7894450620199427e-01   7.1620258013288374e-01  -8.4663626815419535e-01 #xyz tv1
           3.7915743000000007e-01   7.1538323999999998e-01  -8.6499999999999999e-01 #xyz tv2
           4.7050937500000001e-01   7.3048179499999988e-01  -8.3164687499999979e-01 -1 5691 #xyz tv3 fid bid
           2.5975392000000008e-01   6.7644541999999996e-01  -8.6499999999999999e-01 #xyz tv0
           3.7894450620199427e-01   7.1620258013288374e-01  -8.4663626815419535e-01 #xyz tv1
           3.7915743000000007e-01   7.1538323999999998e-01  -8.6499999999999999e-01 #xyz tv2
           3.7915743000000007e-01   7.1538323999999998e-01  -8.4738082395075265e-01 -1 5691 #xyz tv3 fid bid
           3.7915743000000007e-01   7.1538323999999998e-01  -8.4738082395075265e-01 #xyz tv0
           3.7915743000000007e-01   7.1538323999999998e-01  -7.8520760388621280e-01 #xyz tv1
           3.7894450620199427e-01   7.1620258013288374e-01  -8.4663626815419535e-01 #xyz tv2
           4.7050937500000001e-01   7.3048179499999988e-01  -8.3164687499999979e-01 -1 5691 #xyz tv3 fid bid
           2.5975392000000008e-01   6.7644541999999996e-01  -8.6499999999999999e-01 #xyz tv0
           3.7915743000000007e-01   7.1538323999999998e-01  -8.4738082395075265e-01 #xyz tv1
           3.7915743000000007e-01   7.1538323999999998e-01  -7.8520760388621280e-01 #xyz tv2
           3.7894450620199427e-01   7.1620258013288374e-01  -8.4663626815419535e-01 -1 5691 #xyz tv3 fid bid
           3.7915743000000007e-01   7.1538323999999998e-01  -8.4738082395075265e-01 #xyz tv0
           3.7894450620199427e-01   7.1620258013288374e-01  -8.4663626815419535e-01 #xyz tv1
           3.7915743000000007e-01   7.1538323999999998e-01  -7.8520760388621280e-01 7715 -1 #xyz tv2 fid bid
           3.7915743000000007e-01   7.1538323999999998e-01  -8.4738082395075265e-01 #xyz tv0
           3.7915743000000007e-01   7.1538323999999998e-01  -8.6499999999999999e-01 #xyz tv1
           3.7894450620199427e-01   7.1620258013288374e-01  -8.4663626815419535e-01 7715 -1 #xyz tv2 fid bid
           3.7915743000000007e-01   7.1538323999999998e-01  -8.4738082395075265e-01 #xyz ev0
           3.7894450620199427e-01   7.1620258013288374e-01  -8.4663626815419535e-01 -1 5691 #xyz ev1 fid bid
   0   0.000000000000e+00   0.000000000000e+00   0.000000000000e+00 #flag location
END_ERR 
BEGIN_ERR 
26 Small mesh segment detected on body : DRILL1_2
 Small mesh segment detected on body : DRILL1_2 
 Segment Statistics - Number of Segments : 1 --- Segment length(s) : 0.001287mm. The cutoff frequency for S-Matrix Only Solve is 38.1901220382166MHz 
2 -1  443  # nfids, fids[]
2 1192  -1  # nbids, bids[]
      7 2 1 0 #ntets ntri ned npts
          -6.0910520000000017e-02   9.1523880999999996e-01  -5.1500000000000001e-01 #xyz tv0
          -5.7063730000000000e-02   8.9202581000000003e-01  -5.0163351401455769e-01 #xyz tv1
          -5.7694028644124588e-02   8.9244696217837216e-01  -5.0059308556689786e-01 #xyz tv2
          -4.4689359999999990e-02   9.0440018000000000e-01  -5.1500000000000001e-01 -1 1192 #xyz tv3 fid bid
          -6.0910520000000017e-02   9.1523880999999996e-01  -5.1500000000000001e-01 #xyz tv0
          -5.7694028644124588e-02   8.9244696217837216e-01  -5.0059308556689786e-01 #xyz tv1
          -5.7063730000000000e-02   8.9202581000000003e-01  -5.0163351401455769e-01 #xyz tv2
          -6.7607479999999998e-02   8.9907091999999988e-01  -5.1500000000000001e-01 -1 1192 #xyz tv3 fid bid
          -4.4689359999999990e-02   9.0440018000000000e-01  -5.1500000000000001e-01 #xyz tv0
          -5.7063730000000000e-02   8.9202581000000003e-01  -4.8894235584581963e-01 #xyz tv1
          -5.7063730000000000e-02   8.9202581000000003e-01  -5.0163351401455769e-01 #xyz tv2
          -5.7694028644124588e-02   8.9244696217837216e-01  -5.0059308556689786e-01 -1 1192 #xyz tv3 fid bid
          -6.7607479999999998e-02   8.9907091999999988e-01  -5.1500000000000001e-01 #xyz tv0
          -5.7063730000000000e-02   8.9202581000000003e-01  -5.0163351401455769e-01 #xyz tv1
          -7.9278964781338085e-02   8.9535290779537069e-01  -5.1500000000000001e-01 #xyz tv2
          -5.7694028644124588e-02   8.9244696217837216e-01  -5.0059308556689786e-01 -1 1192 #xyz tv3 fid bid
          -5.3894052185809317e-02   8.8728205515265179e-01  -4.9274851566368222e-01 #xyz tv0
          -5.7694028644124588e-02   8.9244696217837216e-01  -5.0059308556689786e-01 #xyz tv1
          -5.7063730000000000e-02   8.9202581000000003e-01  -5.0163351401455769e-01 #xyz tv2
          -5.7063730000000000e-02   8.9202581000000003e-01  -4.8894235584581963e-01 -1 1192 #xyz tv3 fid bid
          -1.1007077999999998e-01   8.5660762000000001e-01  -5.1500000000000001e-01 #xyz tv0
          -5.7694028644124588e-02   8.9244696217837216e-01  -5.0059308556689786e-01 #xyz tv1
          -7.9278964781338085e-02   8.9535290779537069e-01  -5.1500000000000001e-01 #xyz tv2
          -5.7063730000000000e-02   8.9202581000000003e-01  -5.0163351401455769e-01 -1 1192 #xyz tv3 fid bid
          -1.1007077999999998e-01   8.5660762000000001e-01  -5.1500000000000001e-01 #xyz tv0
          -5.3894052185809317e-02   8.8728205515265179e-01  -4.9274851566368222e-01 #xyz tv1
          -5.7694028644124588e-02   8.9244696217837216e-01  -5.0059308556689786e-01 #xyz tv2
          -5.7063730000000000e-02   8.9202581000000003e-01  -5.0163351401455769e-01 -1 1192 #xyz tv3 fid bid
          -5.7694028644124588e-02   8.9244696217837216e-01  -5.0059308556689786e-01 #xyz tv0
          -5.7063730000000000e-02   8.9202581000000003e-01  -4.8894235584581963e-01 #xyz tv1
          -5.7063730000000000e-02   8.9202581000000003e-01  -5.0163351401455769e-01 443 -1 #xyz tv2 fid bid
          -5.7063730000000000e-02   8.9202581000000003e-01  -5.0163351401455769e-01 #xyz tv0
          -6.7607479999999998e-02   8.9907091999999988e-01  -5.1500000000000001e-01 #xyz tv1
          -5.7694028644124588e-02   8.9244696217837216e-01  -5.0059308556689786e-01 443 -1 #xyz tv2 fid bid
          -5.7063730000000000e-02   8.9202581000000003e-01  -5.0163351401455769e-01 #xyz ev0
          -5.7694028644124588e-02   8.9244696217837216e-01  -5.0059308556689786e-01 -1 1192 #xyz ev1 fid bid
   0   0.000000000000e+00   0.000000000000e+00   0.000000000000e+00 #flag location
END_ERR 
BEGIN_ERR 
26 Small mesh segment detected on body : Filling_Cu3
 Small mesh segment detected on body : Filling_Cu3 
 Segment Statistics - Number of Segments : 1 --- Segment length(s) : 0.001475mm. The cutoff frequency for S-Matrix Only Solve is 38.1901220382166MHz 
2 -1  527  # nfids, fids[]
2 1332  -1  # nbids, bids[]
      6 2 1 0 #ntets ntri ned npts
           1.2789989999999998e-01   8.5455762000000002e-01  -5.6147531609588675e-01 #xyz tv0
           1.5329412103365381e-01   8.5262010529897836e-01  -5.6701995266810434e-01 #xyz tv1
           1.2789989999999998e-01   8.5455762000000002e-01  -5.6000000000000005e-01 #xyz tv2
           1.2983676999999999e-01   8.7359993999999985e-01  -5.6000000000000005e-01 -1 1332 #xyz tv3 fid bid
           1.2789989999999998e-01   8.5455762000000002e-01  -5.6147531609588675e-01 #xyz tv0
           1.2789989999999998e-01   8.5455762000000002e-01  -5.6000000000000005e-01 #xyz tv1
           1.5329412103365381e-01   8.5262010529897836e-01  -5.6701995266810434e-01 #xyz tv2
           1.2388686000000000e-01   8.1860481000000029e-01  -5.6000000000000005e-01 -1 1332 #xyz tv3 fid bid
           1.1254470000000000e-01   8.6904484000000004e-01  -5.6000000000000005e-01 #xyz tv0
           1.2789989999999998e-01   8.5455762000000002e-01  -5.6147531609588675e-01 #xyz tv1
           1.2789989999999998e-01   8.5455762000000002e-01  -5.6000000000000005e-01 #xyz tv2
           1.2983676999999999e-01   8.7359993999999985e-01  -5.6000000000000005e-01 -1 1332 #xyz tv3 fid bid
           1.2789989999999998e-01   8.5455762000000002e-01  -5.6147531609588675e-01 #xyz tv0
           1.2789989999999998e-01   8.5455762000000002e-01  -5.6000000000000005e-01 #xyz tv1
           1.2388686000000000e-01   8.1860481000000029e-01  -5.6000000000000005e-01 #xyz tv2
           1.1895010000000004e-01   8.3763831999999994e-01  -5.6000000000000005e-01 -1 1332 #xyz tv3 fid bid
           1.1254470000000000e-01   8.6904484000000004e-01  -5.6000000000000005e-01 #xyz tv0
           1.2789989999999998e-01   8.5455762000000002e-01  -5.6000000000000005e-01 #xyz tv1
           1.2789989999999998e-01   8.5455762000000002e-01  -5.6147531609588675e-01 #xyz tv2
           1.1007077999999998e-01   8.5660762000000001e-01  -5.6000000000000005e-01 -1 1332 #xyz tv3 fid bid
           1.1007077999999998e-01   8.5660762000000001e-01  -5.6000000000000005e-01 #xyz tv0
           1.2789989999999998e-01   8.5455762000000002e-01  -5.6000000000000005e-01 #xyz tv1
           1.2789989999999998e-01   8.5455762000000002e-01  -5.6147531609588675e-01 #xyz tv2
           1.1895010000000004e-01   8.3763831999999994e-01  -5.6000000000000005e-01 -1 1332 #xyz tv3 fid bid
           1.2789989999999998e-01   8.5455762000000002e-01  -5.6147531609588675e-01 #xyz tv0
           1.2983676999999999e-01   8.7359993999999985e-01  -5.6000000000000005e-01 #xyz tv1
           1.2789989999999998e-01   8.5455762000000002e-01  -5.6000000000000005e-01 527 -1 #xyz tv2 fid bid
           1.2789989999999998e-01   8.5455762000000002e-01  -5.6147531609588675e-01 #xyz tv0
           1.2789989999999998e-01   8.5455762000000002e-01  -5.6000000000000005e-01 #xyz tv1
           1.1895010000000004e-01   8.3763831999999994e-01  -5.6000000000000005e-01 527 -1 #xyz tv2 fid bid
           1.2789989999999998e-01   8.5455762000000002e-01  -5.6000000000000005e-01 #xyz ev0
           1.2789989999999998e-01   8.5455762000000002e-01  -5.6147531609588675e-01 -1 1332 #xyz ev1 fid bid
   0   0.000000000000e+00   0.000000000000e+00   0.000000000000e+00 #flag location
END_ERR 
G3dErrFileVersion 2025R1
FlagFileMetaData Begin
   Mesh Size - Setup1, Refinement, Pass #2, Freq. 5.600000e+10 :Title    
   Listing of mesh elements with poor quality. :ToolTip  
   hf3d :Author   
   1754552202 :TimeStamp
   mm :UnitName 
   1.0000000000000000e-03 :UnitConv
FlagFileMetaData End
BEGIN_ERR 
26 Small mesh segment detected on body : Return_Path_DRILL5_6
 Small mesh segment detected on body : Return_Path_DRILL5_6 
 Segment Statistics - Number of Segments : 1 --- Segment length(s) : 0.001127mm. The cutoff frequency for S-Matrix Only Solve is 38.1901220382166MHz 
2 -1  7715  # nfids, fids[]
2 5691  -1  # nbids, bids[]
      4 2 1 0 #ntets ntri ned npts
           3.7915743000000007e-01   7.1538323999999998e-01  -8.4738082395075265e-01 #xyz tv0
           3.7894450620199427e-01   7.1620258013288374e-01  -8.4663626815419535e-01 #xyz tv1
           3.7915743000000007e-01   7.1538323999999998e-01  -8.6499999999999999e-01 #xyz tv2
           4.7050937500000001e-01   7.3048179499999988e-01  -8.3164687499999979e-01 -1 5691 #xyz tv3 fid bid
           3.7915743000000007e-01   7.1538323999999998e-01  -8.6499999999999999e-01 #xyz tv0
           3.2714362757011173e-01   6.9134329721331056e-01  -8.1329733602502063e-01 #xyz tv1
           3.7894450620199427e-01   7.1620258013288374e-01  -8.4663626815419535e-01 #xyz tv2
           3.7915743000000007e-01   7.1538323999999998e-01  -8.4738082395075265e-01 -1 5691 #xyz tv3 fid bid
           3.7915743000000007e-01   7.1538323999999998e-01  -8.4738082395075265e-01 #xyz tv0
           3.7915743000000007e-01   7.1538323999999998e-01  -7.8520760388621280e-01 #xyz tv1
           3.7894450620199427e-01   7.1620258013288374e-01  -8.4663626815419535e-01 #xyz tv2
           4.7050937500000001e-01   7.3048179499999988e-01  -8.3164687499999979e-01 -1 5691 #xyz tv3 fid bid
           3.7915743000000007e-01   7.1538323999999998e-01  -8.4738082395075265e-01 #xyz tv0
           3.2714362757011173e-01   6.9134329721331056e-01  -8.1329733602502063e-01 #xyz tv1
           3.7894450620199427e-01   7.1620258013288374e-01  -8.4663626815419535e-01 #xyz tv2
           3.7915743000000007e-01   7.1538323999999998e-01  -7.8520760388621280e-01 -1 5691 #xyz tv3 fid bid
           3.7915743000000007e-01   7.1538323999999998e-01  -8.4738082395075265e-01 #xyz tv0
           3.7894450620199427e-01   7.1620258013288374e-01  -8.4663626815419535e-01 #xyz tv1
           3.7915743000000007e-01   7.1538323999999998e-01  -7.8520760388621280e-01 7715 -1 #xyz tv2 fid bid
           3.7915743000000007e-01   7.1538323999999998e-01  -8.4738082395075265e-01 #xyz tv0
           3.7915743000000007e-01   7.1538323999999998e-01  -8.6499999999999999e-01 #xyz tv1
           3.7894450620199427e-01   7.1620258013288374e-01  -8.4663626815419535e-01 7715 -1 #xyz tv2 fid bid
           3.7915743000000007e-01   7.1538323999999998e-01  -8.4738082395075265e-01 #xyz ev0
           3.7894450620199427e-01   7.1620258013288374e-01  -8.4663626815419535e-01 -1 5691 #xyz ev1 fid bid
   0   0.000000000000e+00   0.000000000000e+00   0.000000000000e+00 #flag location
END_ERR 
BEGIN_ERR 
26 Small mesh segment detected on body : DRILL1_2
 Small mesh segment detected on body : DRILL1_2 
 Segment Statistics - Number of Segments : 1 --- Segment length(s) : 0.001287mm. The cutoff frequency for S-Matrix Only Solve is 38.1901220382166MHz 
2 -1  443  # nfids, fids[]
2 1192  -1  # nbids, bids[]
      7 2 1 0 #ntets ntri ned npts
          -6.0910520000000024e-02   9.1523880999999996e-01  -5.1500000000000001e-01 #xyz tv0
          -5.7063730000000000e-02   8.9202581000000003e-01  -5.0163351401455769e-01 #xyz tv1
          -5.7694028644124588e-02   8.9244696217837216e-01  -5.0059308556689786e-01 #xyz tv2
          -4.4689359999999990e-02   9.0440018000000000e-01  -5.1500000000000001e-01 -1 1192 #xyz tv3 fid bid
          -6.0910520000000024e-02   9.1523880999999996e-01  -5.1500000000000001e-01 #xyz tv0
          -5.7694028644124588e-02   8.9244696217837216e-01  -5.0059308556689786e-01 #xyz tv1
          -5.7063730000000000e-02   8.9202581000000003e-01  -5.0163351401455769e-01 #xyz tv2
          -6.7607479999999998e-02   8.9907091999999988e-01  -5.1500000000000001e-01 -1 1192 #xyz tv3 fid bid
          -4.4689359999999990e-02   9.0440018000000000e-01  -5.1500000000000001e-01 #xyz tv0
          -5.7063730000000000e-02   8.9202581000000003e-01  -4.8894235584581963e-01 #xyz tv1
          -5.7063730000000000e-02   8.9202581000000003e-01  -5.0163351401455769e-01 #xyz tv2
          -5.7694028644124588e-02   8.9244696217837216e-01  -5.0059308556689786e-01 -1 1192 #xyz tv3 fid bid
          -6.7607479999999998e-02   8.9907091999999988e-01  -5.1500000000000001e-01 #xyz tv0
          -5.7063730000000000e-02   8.9202581000000003e-01  -5.0163351401455769e-01 #xyz tv1
          -7.9278964781338085e-02   8.9535290779537080e-01  -5.1500000000000001e-01 #xyz tv2
          -5.7694028644124588e-02   8.9244696217837216e-01  -5.0059308556689786e-01 -1 1192 #xyz tv3 fid bid
          -5.3894052185809317e-02   8.8728205515265179e-01  -4.9274851566368222e-01 #xyz tv0
          -5.7694028644124588e-02   8.9244696217837216e-01  -5.0059308556689786e-01 #xyz tv1
          -5.7063730000000000e-02   8.9202581000000003e-01  -5.0163351401455769e-01 #xyz tv2
          -5.7063730000000000e-02   8.9202581000000003e-01  -4.8894235584581963e-01 -1 1192 #xyz tv3 fid bid
          -1.1007077999999998e-01   8.5660762000000001e-01  -5.1500000000000001e-01 #xyz tv0
          -5.7694028644124588e-02   8.9244696217837216e-01  -5.0059308556689786e-01 #xyz tv1
          -7.9278964781338085e-02   8.9535290779537080e-01  -5.1500000000000001e-01 #xyz tv2
          -5.7063730000000000e-02   8.9202581000000003e-01  -5.0163351401455769e-01 -1 1192 #xyz tv3 fid bid
          -1.1007077999999998e-01   8.5660762000000001e-01  -5.1500000000000001e-01 #xyz tv0
          -5.3894052185809317e-02   8.8728205515265179e-01  -4.9274851566368222e-01 #xyz tv1
          -5.7694028644124588e-02   8.9244696217837216e-01  -5.0059308556689786e-01 #xyz tv2
          -5.7063730000000000e-02   8.9202581000000003e-01  -5.0163351401455769e-01 -1 1192 #xyz tv3 fid bid
          -5.7694028644124588e-02   8.9244696217837216e-01  -5.0059308556689786e-01 #xyz tv0
          -5.7063730000000000e-02   8.9202581000000003e-01  -4.8894235584581963e-01 #xyz tv1
          -5.7063730000000000e-02   8.9202581000000003e-01  -5.0163351401455769e-01 443 -1 #xyz tv2 fid bid
          -5.7063730000000000e-02   8.9202581000000003e-01  -5.0163351401455769e-01 #xyz tv0
          -6.7607479999999998e-02   8.9907091999999988e-01  -5.1500000000000001e-01 #xyz tv1
          -5.7694028644124588e-02   8.9244696217837216e-01  -5.0059308556689786e-01 443 -1 #xyz tv2 fid bid
          -5.7063730000000000e-02   8.9202581000000003e-01  -5.0163351401455769e-01 #xyz ev0
          -5.7694028644124588e-02   8.9244696217837216e-01  -5.0059308556689786e-01 -1 1192 #xyz ev1 fid bid
   0   0.000000000000e+00   0.000000000000e+00   0.000000000000e+00 #flag location
END_ERR 
BEGIN_ERR 
26 Small mesh segment detected on body : Filling_Cu3
 Small mesh segment detected on body : Filling_Cu3 
 Segment Statistics - Number of Segments : 1 --- Segment length(s) : 0.001475mm. The cutoff frequency for S-Matrix Only Solve is 38.1901220382166MHz 
2 -1  527  # nfids, fids[]
2 1332  -1  # nbids, bids[]
      6 2 1 0 #ntets ntri ned npts
           1.2789989999999998e-01   8.5455762000000002e-01  -5.6147531609588675e-01 #xyz tv0
           1.4808419475073697e-01   8.5039412972396122e-01  -5.6703241024948114e-01 #xyz tv1
           1.2789989999999998e-01   8.5455762000000002e-01  -5.6000000000000005e-01 #xyz tv2
           1.2983676999999999e-01   8.7359993999999985e-01  -5.6000000000000005e-01 -1 1332 #xyz tv3 fid bid
           1.2789989999999998e-01   8.5455762000000002e-01  -5.6147531609588675e-01 #xyz tv0
           1.2789989999999998e-01   8.5455762000000002e-01  -5.6000000000000005e-01 #xyz tv1
           1.4808419475073697e-01   8.5039412972396122e-01  -5.6703241024948114e-01 #xyz tv2
           1.2388686000000000e-01   8.1860481000000040e-01  -5.6000000000000005e-01 -1 1332 #xyz tv3 fid bid
           1.1254470000000000e-01   8.6904484000000004e-01  -5.6000000000000005e-01 #xyz tv0
           1.2789989999999998e-01   8.5455762000000002e-01  -5.6147531609588675e-01 #xyz tv1
           1.2789989999999998e-01   8.5455762000000002e-01  -5.6000000000000005e-01 #xyz tv2
           1.2983676999999999e-01   8.7359993999999985e-01  -5.6000000000000005e-01 -1 1332 #xyz tv3 fid bid
           1.2789989999999998e-01   8.5455762000000002e-01  -5.6147531609588675e-01 #xyz tv0
           1.2789989999999998e-01   8.5455762000000002e-01  -5.6000000000000005e-01 #xyz tv1
           1.2388686000000000e-01   8.1860481000000040e-01  -5.6000000000000005e-01 #xyz tv2
           1.1895010000000006e-01   8.3763831999999994e-01  -5.6000000000000005e-01 -1 1332 #xyz tv3 fid bid
           1.1254470000000000e-01   8.6904484000000004e-01  -5.6000000000000005e-01 #xyz tv0
           1.2789989999999998e-01   8.5455762000000002e-01  -5.6000000000000005e-01 #xyz tv1
           1.2789989999999998e-01   8.5455762000000002e-01  -5.6147531609588675e-01 #xyz tv2
           1.1007077999999998e-01   8.5660762000000001e-01  -5.6000000000000005e-01 -1 1332 #xyz tv3 fid bid
           1.1007077999999998e-01   8.5660762000000001e-01  -5.6000000000000005e-01 #xyz tv0
           1.2789989999999998e-01   8.5455762000000002e-01  -5.6000000000000005e-01 #xyz tv1
           1.2789989999999998e-01   8.5455762000000002e-01  -5.6147531609588675e-01 #xyz tv2
           1.1895010000000006e-01   8.3763831999999994e-01  -5.6000000000000005e-01 -1 1332 #xyz tv3 fid bid
           1.2789989999999998e-01   8.5455762000000002e-01  -5.6147531609588675e-01 #xyz tv0
           1.2983676999999999e-01   8.7359993999999985e-01  -5.6000000000000005e-01 #xyz tv1
           1.2789989999999998e-01   8.5455762000000002e-01  -5.6000000000000005e-01 527 -1 #xyz tv2 fid bid
           1.2789989999999998e-01   8.5455762000000002e-01  -5.6147531609588675e-01 #xyz tv0
           1.2789989999999998e-01   8.5455762000000002e-01  -5.6000000000000005e-01 #xyz tv1
           1.1895010000000006e-01   8.3763831999999994e-01  -5.6000000000000005e-01 527 -1 #xyz tv2 fid bid
           1.2789989999999998e-01   8.5455762000000002e-01  -5.6000000000000005e-01 #xyz ev0
           1.2789989999999998e-01   8.5455762000000002e-01  -5.6147531609588675e-01 -1 1332 #xyz ev1 fid bid
   0   0.000000000000e+00   0.000000000000e+00   0.000000000000e+00 #flag location
END_ERR 
G3dErrFileVersion 2025R1
FlagFileMetaData Begin
   Mesh Size - Setup1, Refinement, Pass #3, Freq. 5.600000e+10 :Title    
   Listing of mesh elements with poor quality. :ToolTip  
   hf3d :Author   
   1754552208 :TimeStamp
   mm :UnitName 
   1.0000000000000000e-03 :UnitConv
FlagFileMetaData End
BEGIN_ERR 
26 Small mesh segment detected on body : Return_Path_DRILL5_6
 Small mesh segment detected on body : Return_Path_DRILL5_6 
 Segment Statistics - Number of Segments : 1 --- Segment length(s) : 0.001127mm. The cutoff frequency for S-Matrix Only Solve is 38.1901220382166MHz 
2 -1  7715  # nfids, fids[]
2 5691  -1  # nbids, bids[]
      4 2 1 0 #ntets ntri ned npts
           3.7915743000000007e-01   7.1538323999999998e-01  -8.4738082395075265e-01 #xyz tv0
           3.7894450620199427e-01   7.1620258013288374e-01  -8.4663626815419535e-01 #xyz tv1
           3.7915743000000007e-01   7.1538323999999998e-01  -8.6499999999999999e-01 #xyz tv2
           4.7050937500000001e-01   7.3048179499999988e-01  -8.3164687499999979e-01 -1 5691 #xyz tv3 fid bid
           3.7915743000000007e-01   7.1538323999999998e-01  -8.6499999999999999e-01 #xyz tv0
           3.4482084645744449e-01   6.9484716261650203e-01  -8.1830954398039402e-01 #xyz tv1
           3.7894450620199427e-01   7.1620258013288374e-01  -8.4663626815419535e-01 #xyz tv2
           3.7915743000000007e-01   7.1538323999999998e-01  -8.4738082395075265e-01 -1 5691 #xyz tv3 fid bid
           3.7915743000000007e-01   7.1538323999999998e-01  -8.4738082395075265e-01 #xyz tv0
           3.7915743000000007e-01   7.1538323999999998e-01  -7.8520760388621280e-01 #xyz tv1
           3.7894450620199427e-01   7.1620258013288374e-01  -8.4663626815419535e-01 #xyz tv2
           4.7050937500000001e-01   7.3048179499999988e-01  -8.3164687499999979e-01 -1 5691 #xyz tv3 fid bid
           3.7915743000000007e-01   7.1538323999999998e-01  -8.4738082395075265e-01 #xyz tv0
           3.4482084645744449e-01   6.9484716261650203e-01  -8.1830954398039402e-01 #xyz tv1
           3.7894450620199427e-01   7.1620258013288374e-01  -8.4663626815419535e-01 #xyz tv2
           3.7915743000000007e-01   7.1538323999999998e-01  -7.8520760388621280e-01 -1 5691 #xyz tv3 fid bid
           3.7915743000000007e-01   7.1538323999999998e-01  -8.4738082395075265e-01 #xyz tv0
           3.7894450620199427e-01   7.1620258013288374e-01  -8.4663626815419535e-01 #xyz tv1
           3.7915743000000007e-01   7.1538323999999998e-01  -7.8520760388621280e-01 7715 -1 #xyz tv2 fid bid
           3.7915743000000007e-01   7.1538323999999998e-01  -8.4738082395075265e-01 #xyz tv0
           3.7915743000000007e-01   7.1538323999999998e-01  -8.6499999999999999e-01 #xyz tv1
           3.7894450620199427e-01   7.1620258013288374e-01  -8.4663626815419535e-01 7715 -1 #xyz tv2 fid bid
           3.7915743000000007e-01   7.1538323999999998e-01  -8.4738082395075265e-01 #xyz ev0
           3.7894450620199427e-01   7.1620258013288374e-01  -8.4663626815419535e-01 -1 5691 #xyz ev1 fid bid
   0   0.000000000000e+00   0.000000000000e+00   0.000000000000e+00 #flag location
END_ERR 
BEGIN_ERR 
26 Small mesh segment detected on body : DRILL1_2
 Small mesh segment detected on body : DRILL1_2 
 Segment Statistics - Number of Segments : 1 --- Segment length(s) : 0.001287mm. The cutoff frequency for S-Matrix Only Solve is 38.1901220382166MHz 
2 -1  443  # nfids, fids[]
2 1192  -1  # nbids, bids[]
      7 2 1 0 #ntets ntri ned npts
          -6.0910520000000030e-02   9.1523880999999996e-01  -5.1500000000000001e-01 #xyz tv0
          -5.7063730000000000e-02   8.9202581000000003e-01  -5.0163351401455769e-01 #xyz tv1
          -5.7694028644124588e-02   8.9244696217837216e-01  -5.0059308556689786e-01 #xyz tv2
          -4.4689359999999990e-02   9.0440018000000000e-01  -5.1500000000000001e-01 -1 1192 #xyz tv3 fid bid
          -6.0910520000000030e-02   9.1523880999999996e-01  -5.1500000000000001e-01 #xyz tv0
          -5.7694028644124588e-02   8.9244696217837216e-01  -5.0059308556689786e-01 #xyz tv1
          -5.7063730000000000e-02   8.9202581000000003e-01  -5.0163351401455769e-01 #xyz tv2
          -6.7607479999999998e-02   8.9907091999999988e-01  -5.1500000000000001e-01 -1 1192 #xyz tv3 fid bid
          -4.4689359999999990e-02   9.0440018000000000e-01  -5.1500000000000001e-01 #xyz tv0
          -5.7063730000000000e-02   8.9202581000000003e-01  -4.8894235584581963e-01 #xyz tv1
          -5.7063730000000000e-02   8.9202581000000003e-01  -5.0163351401455769e-01 #xyz tv2
          -5.7694028644124588e-02   8.9244696217837216e-01  -5.0059308556689786e-01 -1 1192 #xyz tv3 fid bid
          -6.7607479999999998e-02   8.9907091999999988e-01  -5.1500000000000001e-01 #xyz tv0
          -5.7063730000000000e-02   8.9202581000000003e-01  -5.0163351401455769e-01 #xyz tv1
          -7.9278964781338085e-02   8.9535290779537091e-01  -5.1500000000000001e-01 #xyz tv2
          -5.7694028644124588e-02   8.9244696217837216e-01  -5.0059308556689786e-01 -1 1192 #xyz tv3 fid bid
          -5.3894052185809317e-02   8.8728205515265179e-01  -4.9274851566368222e-01 #xyz tv0
          -5.7694028644124588e-02   8.9244696217837216e-01  -5.0059308556689786e-01 #xyz tv1
          -5.7063730000000000e-02   8.9202581000000003e-01  -5.0163351401455769e-01 #xyz tv2
          -5.7063730000000000e-02   8.9202581000000003e-01  -4.8894235584581963e-01 -1 1192 #xyz tv3 fid bid
          -1.1007077999999998e-01   8.5660762000000001e-01  -5.1500000000000001e-01 #xyz tv0
          -5.7694028644124588e-02   8.9244696217837216e-01  -5.0059308556689786e-01 #xyz tv1
          -7.9278964781338085e-02   8.9535290779537091e-01  -5.1500000000000001e-01 #xyz tv2
          -5.7063730000000000e-02   8.9202581000000003e-01  -5.0163351401455769e-01 -1 1192 #xyz tv3 fid bid
          -1.1007077999999998e-01   8.5660762000000001e-01  -5.1500000000000001e-01 #xyz tv0
          -5.3894052185809317e-02   8.8728205515265179e-01  -4.9274851566368222e-01 #xyz tv1
          -5.7694028644124588e-02   8.9244696217837216e-01  -5.0059308556689786e-01 #xyz tv2
          -5.7063730000000000e-02   8.9202581000000003e-01  -5.0163351401455769e-01 -1 1192 #xyz tv3 fid bid
          -5.7694028644124588e-02   8.9244696217837216e-01  -5.0059308556689786e-01 #xyz tv0
          -5.7063730000000000e-02   8.9202581000000003e-01  -4.8894235584581963e-01 #xyz tv1
          -5.7063730000000000e-02   8.9202581000000003e-01  -5.0163351401455769e-01 443 -1 #xyz tv2 fid bid
          -5.7063730000000000e-02   8.9202581000000003e-01  -5.0163351401455769e-01 #xyz tv0
          -6.7607479999999998e-02   8.9907091999999988e-01  -5.1500000000000001e-01 #xyz tv1
          -5.7694028644124588e-02   8.9244696217837216e-01  -5.0059308556689786e-01 443 -1 #xyz tv2 fid bid
          -5.7063730000000000e-02   8.9202581000000003e-01  -5.0163351401455769e-01 #xyz ev0
          -5.7694028644124588e-02   8.9244696217837216e-01  -5.0059308556689786e-01 -1 1192 #xyz ev1 fid bid
   0   0.000000000000e+00   0.000000000000e+00   0.000000000000e+00 #flag location
END_ERR 
BEGIN_ERR 
26 Small mesh segment detected on body : Filling_Cu3
 Small mesh segment detected on body : Filling_Cu3 
 Segment Statistics - Number of Segments : 1 --- Segment length(s) : 0.001475mm. The cutoff frequency for S-Matrix Only Solve is 38.1901220382166MHz 
2 -1  527  # nfids, fids[]
2 1332  -1  # nbids, bids[]
      6 2 1 0 #ntets ntri ned npts
           1.2789989999999998e-01   8.5455762000000002e-01  -5.6147531609588675e-01 #xyz tv0
           1.4667677714933752e-01   8.4925278667556503e-01  -5.6703552464482532e-01 #xyz tv1
           1.2789989999999998e-01   8.5455762000000002e-01  -5.6000000000000005e-01 #xyz tv2
           1.2983676999999999e-01   8.7359993999999985e-01  -5.6000000000000005e-01 -1 1332 #xyz tv3 fid bid
           1.2789989999999998e-01   8.5455762000000002e-01  -5.6147531609588675e-01 #xyz tv0
           1.2789989999999998e-01   8.5455762000000002e-01  -5.6000000000000005e-01 #xyz tv1
           1.4667677714933752e-01   8.4925278667556503e-01  -5.6703552464482532e-01 #xyz tv2
           1.2388686000000000e-01   8.1860481000000052e-01  -5.6000000000000005e-01 -1 1332 #xyz tv3 fid bid
           1.1254470000000000e-01   8.6904484000000004e-01  -5.6000000000000005e-01 #xyz tv0
           1.2789989999999998e-01   8.5455762000000002e-01  -5.6147531609588675e-01 #xyz tv1
           1.2789989999999998e-01   8.5455762000000002e-01  -5.6000000000000005e-01 #xyz tv2
           1.2983676999999999e-01   8.7359993999999985e-01  -5.6000000000000005e-01 -1 1332 #xyz tv3 fid bid
           1.2789989999999998e-01   8.5455762000000002e-01  -5.6147531609588675e-01 #xyz tv0
           1.2789989999999998e-01   8.5455762000000002e-01  -5.6000000000000005e-01 #xyz tv1
           1.2388686000000000e-01   8.1860481000000052e-01  -5.6000000000000005e-01 #xyz tv2
           1.1895010000000007e-01   8.3763831999999994e-01  -5.6000000000000005e-01 -1 1332 #xyz tv3 fid bid
           1.1254470000000000e-01   8.6904484000000004e-01  -5.6000000000000005e-01 #xyz tv0
           1.2789989999999998e-01   8.5455762000000002e-01  -5.6000000000000005e-01 #xyz tv1
           1.2789989999999998e-01   8.5455762000000002e-01  -5.6147531609588675e-01 #xyz tv2
           1.1007077999999998e-01   8.5660762000000001e-01  -5.6000000000000005e-01 -1 1332 #xyz tv3 fid bid
           1.1007077999999998e-01   8.5660762000000001e-01  -5.6000000000000005e-01 #xyz tv0
           1.2789989999999998e-01   8.5455762000000002e-01  -5.6000000000000005e-01 #xyz tv1
           1.2789989999999998e-01   8.5455762000000002e-01  -5.6147531609588675e-01 #xyz tv2
           1.1895010000000007e-01   8.3763831999999994e-01  -5.6000000000000005e-01 -1 1332 #xyz tv3 fid bid
           1.2789989999999998e-01   8.5455762000000002e-01  -5.6147531609588675e-01 #xyz tv0
           1.2983676999999999e-01   8.7359993999999985e-01  -5.6000000000000005e-01 #xyz tv1
           1.2789989999999998e-01   8.5455762000000002e-01  -5.6000000000000005e-01 527 -1 #xyz tv2 fid bid
           1.2789989999999998e-01   8.5455762000000002e-01  -5.6147531609588675e-01 #xyz tv0
           1.2789989999999998e-01   8.5455762000000002e-01  -5.6000000000000005e-01 #xyz tv1
           1.1895010000000007e-01   8.3763831999999994e-01  -5.6000000000000005e-01 527 -1 #xyz tv2 fid bid
           1.2789989999999998e-01   8.5455762000000002e-01  -5.6000000000000005e-01 #xyz ev0
           1.2789989999999998e-01   8.5455762000000002e-01  -5.6147531609588675e-01 -1 1332 #xyz ev1 fid bid
   0   0.000000000000e+00   0.000000000000e+00   0.000000000000e+00 #flag location
END_ERR 
BEGIN_ERR 
26 Small mesh segment detected on body : DRILL6_7
 Small mesh segment detected on body : DRILL6_7 
 Segment Statistics - Number of Segments : 1 --- Segment length(s) : 0.002488mm. The cutoff frequency for S-Matrix Only Solve is 38.1901220382166MHz 
5 -1  203  1586  1613  599  # nfids, fids[]
2 1612  -1  # nbids, bids[]
      6 6 1 0 #ntets ntri ned npts
          -1.3859318000000001e-01   5.9829235000000003e-01  -9.0999999999999992e-01 #xyz tv0
          -1.2608863000000001e-01   6.2336207999999993e-01  -8.8000000000000000e-01 #xyz tv1
          -1.4606238999999999e-01   6.0278281999999994e-01  -8.8000000000000000e-01 #xyz tv2
          -1.4695174000000000e-01   6.0510673999999998e-01  -8.8000000000000000e-01 -1 1612 #xyz tv3 fid bid
          -1.3859318000000001e-01   5.9829235000000003e-01  -9.0999999999999992e-01 #xyz tv0
          -1.4606238999999999e-01   6.0278281999999994e-01  -8.8000000000000000e-01 #xyz tv1
          -1.9306017462118275e-01   6.3449487143608174e-01  -9.0999999999999992e-01 #xyz tv2
          -1.4695174000000000e-01   6.0510673999999998e-01  -8.8000000000000000e-01 -1 1612 #xyz tv3 fid bid
          -1.2608863000000001e-01   6.2336207999999993e-01  -8.8000000000000000e-01 #xyz tv0
          -1.4606238999999999e-01   6.0278281999999994e-01  -8.8000000000000000e-01 #xyz tv1
          -1.4695174000000000e-01   6.0510673999999998e-01  -8.8000000000000000e-01 #xyz tv2
          -1.0980758324606586e-01   6.1731443478775017e-01  -8.6507693569653721e-01 -1 1612 #xyz tv3 fid bid
          -1.4695174000000000e-01   6.0510673999999998e-01  -8.8000000000000000e-01 #xyz tv0
          -1.9306017462118275e-01   6.3449487143608174e-01  -9.0999999999999992e-01 #xyz tv1
          -1.6941100999999997e-01   5.9384738999999986e-01  -8.8000000000000000e-01 #xyz tv2
          -1.4606238999999999e-01   6.0278281999999994e-01  -8.8000000000000000e-01 -1 1612 #xyz tv3 fid bid
          -1.4695174000000000e-01   6.0510673999999998e-01  -8.8000000000000000e-01 #xyz tv0
          -1.0980758324606586e-01   6.1731443478775017e-01  -8.6507693569653721e-01 #xyz tv1
          -1.4606238999999999e-01   6.0278281999999994e-01  -8.8000000000000000e-01 #xyz tv2
          -1.4695174000000000e-01   6.0510673999999998e-01  -8.6499999999999999e-01 -1 1612 #xyz tv3 fid bid
          -1.4695174000000000e-01   6.0510673999999998e-01  -8.8000000000000000e-01 #xyz tv0
          -1.4695174000000000e-01   6.0510673999999998e-01  -8.6499999999999999e-01 #xyz tv1
          -1.4606238999999999e-01   6.0278281999999994e-01  -8.8000000000000000e-01 #xyz tv2
          -1.6941100999999997e-01   5.9384738999999986e-01  -8.8000000000000000e-01 -1 1612 #xyz tv3 fid bid
          -1.4606238999999999e-01   6.0278281999999994e-01  -8.8000000000000000e-01 #xyz tv0
          -1.6941100999999997e-01   5.9384738999999986e-01  -8.8000000000000000e-01 #xyz tv1
          -1.4695174000000000e-01   6.0510673999999998e-01  -8.8000000000000000e-01 203 -1 #xyz tv2 fid bid
          -1.4606238999999999e-01   6.0278281999999994e-01  -8.8000000000000000e-01 #xyz tv0
          -1.6941100999999997e-01   5.9384738999999986e-01  -8.8000000000000000e-01 #xyz tv1
          -1.4695174000000000e-01   6.0510673999999998e-01  -8.8000000000000000e-01 1586 -1 #xyz tv2 fid bid
          -1.4606238999999999e-01   6.0278281999999994e-01  -8.8000000000000000e-01 #xyz tv0
          -1.6941100999999997e-01   5.9384738999999986e-01  -8.8000000000000000e-01 #xyz tv1
          -1.4695174000000000e-01   6.0510673999999998e-01  -8.8000000000000000e-01 1613 -1 #xyz tv2 fid bid
          -1.4606238999999999e-01   6.0278281999999994e-01  -8.8000000000000000e-01 #xyz tv0
          -1.4695174000000000e-01   6.0510673999999998e-01  -8.8000000000000000e-01 #xyz tv1
          -1.4695174000000000e-01   6.0510673999999998e-01  -8.6499999999999999e-01 599 -1 #xyz tv2 fid bid
          -1.4606238999999999e-01   6.0278281999999994e-01  -8.8000000000000000e-01 #xyz tv0
          -1.4695174000000000e-01   6.0510673999999998e-01  -8.8000000000000000e-01 #xyz tv1
          -1.2608863000000001e-01   6.2336207999999993e-01  -8.8000000000000000e-01 1586 -1 #xyz tv2 fid bid
          -1.4606238999999999e-01   6.0278281999999994e-01  -8.8000000000000000e-01 #xyz tv0
          -1.4695174000000000e-01   6.0510673999999998e-01  -8.8000000000000000e-01 #xyz tv1
          -1.2608863000000001e-01   6.2336207999999993e-01  -8.8000000000000000e-01 1613 -1 #xyz tv2 fid bid
          -1.4695174000000000e-01   6.0510673999999998e-01  -8.8000000000000000e-01 #xyz ev0
          -1.4606238999999999e-01   6.0278281999999994e-01  -8.8000000000000000e-01 -1 1612 #xyz ev1 fid bid
   0   0.000000000000e+00   0.000000000000e+00   0.000000000000e+00 #flag location
END_ERR 
G3dErrFileVersion 2025R1
FlagFileMetaData Begin
   Mesh Size - Setup1, Refinement, Pass #4, Freq. 5.600000e+10 :Title    
   Listing of mesh elements with poor quality. :ToolTip  
   hf3d :Author   
   1754552216 :TimeStamp
   mm :UnitName 
   1.0000000000000000e-03 :UnitConv
FlagFileMetaData End
BEGIN_ERR 
26 Small mesh segment detected on body : Return_Path_DRILL5_6
 Small mesh segment detected on body : Return_Path_DRILL5_6 
 Segment Statistics - Number of Segments : 1 --- Segment length(s) : 0.001127mm. The cutoff frequency for S-Matrix Only Solve is 38.1901220382166MHz 
2 -1  7715  # nfids, fids[]
2 5691  -1  # nbids, bids[]
      4 2 1 0 #ntets ntri ned npts
           3.7915743000000007e-01   7.1538323999999998e-01  -8.4738082395075265e-01 #xyz tv0
           3.7894450620199427e-01   7.1620258013288374e-01  -8.4663626815419535e-01 #xyz tv1
           3.7915743000000007e-01   7.1538323999999998e-01  -8.6499999999999999e-01 #xyz tv2
           4.7050937500000001e-01   7.3048179499999988e-01  -8.3164687499999979e-01 -1 5691 #xyz tv3 fid bid
           3.7915743000000007e-01   7.1538323999999998e-01  -8.6499999999999999e-01 #xyz tv0
           3.4482084645744449e-01   6.9484716261650203e-01  -8.1830954398039402e-01 #xyz tv1
           3.7894450620199427e-01   7.1620258013288374e-01  -8.4663626815419535e-01 #xyz tv2
           3.7915743000000007e-01   7.1538323999999998e-01  -8.4738082395075265e-01 -1 5691 #xyz tv3 fid bid
           3.7915743000000007e-01   7.1538323999999998e-01  -8.4738082395075265e-01 #xyz tv0
           3.7915743000000007e-01   7.1538323999999998e-01  -7.8520760388621280e-01 #xyz tv1
           3.7894450620199427e-01   7.1620258013288374e-01  -8.4663626815419535e-01 #xyz tv2
           4.7050937500000001e-01   7.3048179499999988e-01  -8.3164687499999979e-01 -1 5691 #xyz tv3 fid bid
           3.7915743000000007e-01   7.1538323999999998e-01  -8.4738082395075265e-01 #xyz tv0
           3.4482084645744449e-01   6.9484716261650203e-01  -8.1830954398039402e-01 #xyz tv1
           3.7894450620199427e-01   7.1620258013288374e-01  -8.4663626815419535e-01 #xyz tv2
           3.7915743000000007e-01   7.1538323999999998e-01  -7.8520760388621280e-01 -1 5691 #xyz tv3 fid bid
           3.7915743000000007e-01   7.1538323999999998e-01  -8.4738082395075265e-01 #xyz tv0
           3.7894450620199427e-01   7.1620258013288374e-01  -8.4663626815419535e-01 #xyz tv1
           3.7915743000000007e-01   7.1538323999999998e-01  -7.8520760388621280e-01 7715 -1 #xyz tv2 fid bid
           3.7915743000000007e-01   7.1538323999999998e-01  -8.4738082395075265e-01 #xyz tv0
           3.7915743000000007e-01   7.1538323999999998e-01  -8.6499999999999999e-01 #xyz tv1
           3.7894450620199427e-01   7.1620258013288374e-01  -8.4663626815419535e-01 7715 -1 #xyz tv2 fid bid
           3.7915743000000007e-01   7.1538323999999998e-01  -8.4738082395075265e-01 #xyz ev0
           3.7894450620199427e-01   7.1620258013288374e-01  -8.4663626815419535e-01 -1 5691 #xyz ev1 fid bid
   0   0.000000000000e+00   0.000000000000e+00   0.000000000000e+00 #flag location
END_ERR 
BEGIN_ERR 
26 Small mesh segment detected on body : DRILL1_2
 Small mesh segment detected on body : DRILL1_2 
 Segment Statistics - Number of Segments : 1 --- Segment length(s) : 0.001287mm. The cutoff frequency for S-Matrix Only Solve is 38.1901220382166MHz 
